# Fix print output for fix def1
-1.22577748441274e-16 -914.109537883343
-1.22577748441274e-16 -661.317536064596
0.000585872372463457 -994.188539337965
0.000585872372463457 -589.507469064403
0.00146055506938082 -867.103430782404
0.00197216192984192 -55.8023263222186
0.00197216192984192 -508.856591551061
0.00278495670009064 -1316.61207544777
0.00278495670009064 -747.794023723205
0.00365963939700788 -730.495412052519
0.00365963939700788 -279.873705303419
0.00365963939700788 -466.187443697195
0.00460446174414978 -12.1069991723197
0.00527697721394943 -1167.03238534176
0.00527697721394943 12.0382941749636
0.00527697721394943 -899.058572546082
0.00629606507309381 -10.8945132584877
0.00696858054289345 -639.157343314631
0.00696858054289345 -523.053920721925
0.00766172532158268 79.6323934704508
0.00821459079982284 -1203.12484396357
0.00854878560383375 -423.896885768906
0.00854878560383375 -615.442242849391
0.00925843382963464 -406.516106132272
0.00967514586920379 -503.475443872301
0.00967514586920379 -169.261757116342
0.0104673113305629 -281.923534786302
0.0104673113305629 -222.23173654751
0.0112305957594767 45.5109455913002
0.0112305957594767 -1335.58131935104
0.0112305957594767 -700.584176884575
0.01238996291907 -793.105412118237
0.0130294714946464 -345.596951424008
0.0130294714946464 -834.83426220985
0.0138835248826741 -397.647906230057
0.0138835248826741 -280.872444619424
0.0147375782707019 -796.909847399593
0.0147375782707019 -500.019185020664
0.015529743732061 404.988054045592
0.015529743732061 -340.170112108611
0.015529743732061 -462.638005440484
0.015529743732061 -255.101875452029
0.0169779212161083 -838.610161292199
0.0174152625645669 -661.993326617973
0.0180011349370305 529.621599287249
0.0180011349370305 -932.827916383571
0.0180011349370305 -328.458205322153
0.0193791727708531 -462.229709386853
0.0193791727708531 -353.604557022181
0.0201218278908772 -209.857928383671
0.0201218278908772 -282.832270062927
0.0201218278908772 -495.941282036067
0.0210996571322424 -525.283400431926
0.0218010536344874 328.917036744739
0.0219537105202702 -195.536503244508
0.0219537105202702 -506.564043691846
0.0230058052736378 -388.385061827781
0.0230058052736378 -904.287700116011
0.0236246845403246 -517.516401926093
0.0236246845403246 276.465970809775
0.0244539827576849 -63.0036818339971
0.0250769878861497 -12.6618856530234
0.0250769878861497 366.13806004719
0.0250769878861497 -48.0457977641933
0.0261868447044081 -1150.40979992525
0.0261868447044081 -1167.16196294191
0.027222436010664 -27.9581338503698
0.027222436010664 -154.634978912348
0.027222436010664 -271.06020087599
0.0280929928458034 405.944380538347
0.0288315221040496 141.305366389928
0.0288315221040496 -157.758688877383
0.0288315221040496 198.943209280548
0.0288315221040496 147.379995996953
0.0288315221040496 -169.731583470221
0.0288315221040496 221.765441158063
0.0312038926263492 -532.540706166324
0.0312038926263492 -3.83146485896873
0.0312038926263492 -29.336649463779
0.0322271063472714 -583.286342632821
0.0322271063472714 723.423509994201
0.0322271063472714 -27.983797846106
0.0335019976366462 40.1725548656918
0.0335019976366462 170.318313064066
0.0335019976366462 56.3165947824394
0.0349914337384725 552.639542411063
0.0349914337384725 -524.431081400547
0.0349914337384725 176.857259109953
0.0360146474593947 348.308640308725
0.0367160439616398 226.92349486109
0.0367160439616398 740.080350237318
0.0374421956345523 -253.975211332917
0.0374421956345523 -599.524636376017
0.0374421956345523 363.197830938825
0.0385025421114756 115.890084573735
0.0385025421114756 -471.431624874349
0.0395835178972887 87.2738377654263
0.0397980627097401 -405.223542192823
0.0397980627097401 116.926106294108
0.0405448436915422 -269.626112247567
0.0405448436915422 448.471955786212
0.0405448436915422 402.512590920217
0.0405448436915422 82.0363131453747
0.0405448436915422 -214.459455563662
0.0405448436915422 -328.995928812055
0.0405448436915422 294.848955049601
0.0405448436915422 261.835530760393
0.0405448436915422 -336.687545641311
0.044167350332549 -176.392517429649
0.0447573485667904 263.847209100418
0.0452772071508074 -642.904553564463
0.0452772071508074 210.622261159783
0.0452772071508074 316.451329638455
0.0452772071508074 295.178960895214
0.0452772071508074 -126.583823905363
0.0471751035686469 67.3888931985356
0.0471751035686469 95.5660430911619
0.0471751035686469 178.100346428711
0.0471751035686469 752.659789098699
0.0471751035686469 904.315726450587
0.0495020896113893 252.866752082705
0.0495020896113893 -90.4588311149934
0.0495020896113893 60.5538957944925
0.0495020896113893 252.710963646954
0.0495020896113893 -85.9431681107916
0.0495020896113893 302.40455178469
0.0495020896113893 474.458508106923
0.0495020896113893 495.060535945815
0.0495020896113893 587.870504342979
0.0530503307403938 445.676402337906
0.0530503307403938 268.574109684747
0.0530503307403938 -264.002756328993
0.0540570410142043 540.140951229307
0.0540570410142043 988.652146918767
0.0550885064586823 -177.705410135977
0.0550885064586823 264.986721946864
0.0550885064586823 36.5876863597675
0.0562396218947197 375.34769300876
0.0562396218947197 288.146230809827
0.0571803183800838 631.93012536398
0.0571803183800838 -99.7197383586536
0.0571803183800838 481.674286774114
0.0584882165636818 154.469423458578
0.0584882165636818 436.442967418659
0.0584882165636818 -347.029207722321
0.0594289130490458 311.127892330233
0.0594289130490458 449.106835161312
0.0603819871197436 -14.3079858371965
0.0603819871197436 -82.7636884803427
0.0603819871197436 279.513797898513
0.0616857594415637 402.023817835414
0.0621808628549131 7.44879757120834
0.0621808628549131 777.573155964501
0.0621808628549131 837.395977396634
0.0621808628549131 -57.0638134977455
0.0621808628549131 631.452809672436
0.0641241437523098 -476.937645745825
0.0641241437523098 1.44236026572257
0.0641241437523098 345.304399354353
0.0641241437523098 166.29960703231
0.0657414815692514 622.798497165232
0.0657414815692514 -161.876532561616
0.0657414815692514 634.29643413971
0.0668925970052888 627.915437029465
0.0668925970052888 822.833623783203
0.0677590279786503 432.488442820041
0.0677590279786503 536.065608998301
0.0677590279786503 18.1704410061409
0.0677590279786503 -163.769982609817
0.0694382537222606 1049.85064473996
0.0694382537222606 1062.66540261052
0.0694382537222606 -229.513068001807
0.0707874105236379 -224.726301821583
0.0707874105236379 556.657169197225
0.0707874105236379 55.8036300028344
0.0707874105236379 797.211962546532
0.0707874105236379 -67.4981554428312
0.0707874105236379 730.068721431524
0.0707874105236379 -1027.74983977192
0.0707874105236379 1244.30256240436
0.0707874105236379 416.349298052924
0.0707874105236379 473.836468544007
0.0750370481548874 222.512621284763
0.0750370481548874 448.215332003002
0.0750370481548874 615.8342299407
0.0763078135824842 181.186901837375
0.0763078135824842 891.339925422372
0.0763078135824842 384.952577217112
0.0763078135824842 81.4593562181827
0.0763078135824842 23.5628758429082
0.0763078135824842 548.839900862114
0.0763078135824842 64.9052326572949
0.0790762668354633 771.018515407206
0.0790762668354633 584.646725683142
0.0790762668354633 965.027206312452
0.0790762668354633 957.523162272794
0.0790762668354633 571.121187505507
0.0790762668354633 1167.9883894832
0.0790762668354633 1325.5922616508
0.0790762668354633 893.556792008501
0.0821087752422287 -14.3556779702953
0.0825378648671315 437.914081336747
0.0825378648671315 329.431929467149
0.0825378648671315 1307.23015188438
0.0825378648671315 232.578159751705
0.0842253423342976 664.296558186993
0.0842253423342976 -116.114625463918
0.0842253423342976 1093.52868196909
0.0842253423342976 130.833830010205
0.0858509318747949 393.758188051995
0.0858509318747949 1032.53555045514
0.0867173628481565 444.445081544816
0.0867173628481565 351.430435483273
0.087864352422416 715.480758088227
0.087864352422416 493.394584716742
0.087864352422416 794.326559890456
0.087864352422416 189.914717985269
0.087864352422416 701.251613091644
0.087864352422416 741.428540933991
0.0900015488233745 756.181820762767
0.0900015488233745 861.296966472654
0.0900015488233745 973.035952430821
0.0900015488233745 892.779850363074
0.0918210538674337 1529.33206052627
0.0918210538674337 977.621993530079
0.0918210538674337 567.293457781004
0.0918210538674337 643.926734653552
0.0918210538674337 343.809931224475
0.0918210538674337 812.947940232633
0.0918210538674337 1275.19946013393
0.0918210538674337 225.38873734208
0.0918210538674337 1129.49814410731
0.0955343294675547 931.465495536818
0.0955343294675547 788.159262702628
0.0964502707822511 1655.39861519541
0.0964502707822511 163.607747018101
0.0972960724467231 1327.20375397947
0.0972960724467231 788.74825946462
0.0972960724467231 769.524273933364
0.0972960724467231 797.48591646415
0.0972960724467231 1069.14169607831
0.0972960724467231 349.767742442572
0.0972960724467231 733.306228709371
0.0998994912285856 1205.31207066087
0.100489489462827 -442.033496377619
0.100489489462827 545.694552858393
0.100489489462827 18.367113627364
0.100489489462827 1012.00239783471
0.100489489462827 565.066328823996
0.100489489462827 430.07487654925
0.103039272041577 989.485429676525
0.103039272041577 1161.76682996454
0.103039272041577 432.652913438131
0.103039272041577 1511.85194722923
0.104763882264744 741.429716873339
0.104763882264744 1006.24556524282
0.104763882264744 1142.6818616738
0.104763882264744 715.738817525832
0.104763882264744 84.3613400477002
0.104763882264744 1028.79832001515
0.104763882264744 480.981766205584
0.107591706118258 122.76715904631
0.107591706118258 627.428524588506
0.107591706118258 1351.58450326317
0.107591706118258 451.461661880846
0.109335159919226 494.101452877707
0.109859576102103 1033.51545173218
0.109859576102103 1077.51727506148
0.109859576102103 1078.21874330969
0.111313220959902 1276.33186379643
0.111313220959902 576.381594998763
0.111313220959902 1107.28718157731
0.111313220959902 1186.47834944452
0.111313220959902 -182.180303199077
0.11342928625923 1258.5711587822
0.11342928625923 1027.77029902935
0.11342928625923 888.359795676749
0.11342928625923 668.411787621649
0.11342928625923 1201.90283459102
0.11342928625923 1454.13013483432
0.11641937853002 1054.24018030066
0.11641937853002 210.971700898819
0.11641937853002 692.715580131445
0.11641937853002 944.010379543195
0.11641937853002 209.060900744343
0.11641937853002 1303.07038046321
0.11641937853002 1106.2686007547
0.119759081589394 666.319556027897
0.119759081589394 439.070561985645
0.119759081589394 33.1884538786517
0.119759081589394 1309.58558921786
0.119759081589394 725.281812236354
0.121787744191576 1219.65067247532
0.121787744191576 943.088210822794
0.121787744191576 1276.53249436986
0.121787744191576 1006.37819354696
0.12365540182533 1189.03642820328
0.12365540182533 993.098420525444
0.12365540182533 828.622172374469
0.12365540182533 818.13562826544
0.12365540182533 1066.51379188086
0.12365540182533 335.421305999847
0.126479888985738 1181.06080430174
0.126479888985738 1516.45822910372
0.126479888985738 826.657497911104
0.126479888985738 717.240766711023
0.126479888985738 1332.50841042223
0.126479888985738 1106.38552892106
0.129184772455314 1133.97626237294
0.129184772455314 794.960817593359
0.129184772455314 892.871700659577
0.129184772455314 440.419790986803
0.129184772455314 1531.12176251802
0.131756251808193 1331.47861587086
0.131756251808193 1858.12303061999
0.131756251808193 1207.92688034717
0.131756251808193 1496.92943296089
0.131756251808193 900.5758854293
0.131756251808193 1249.10267711758
0.131756251808193 925.909270261442
0.131756251808193 1505.01893840224
0.135082154441702 1259.77336365041
0.135082154441702 1418.66401762027
0.135082154441702 1603.33311294201
0.135082154441702 1403.61069784175
0.135082154441702 1307.51191758406
0.137304023005997 1688.35944404839
0.137304023005997 619.950693229054
0.137304023005997 1101.36017511553
0.137304023005997 1465.95039829516
0.139475290008785 1131.61949005112
0.139475290008785 1433.50019401147
0.139475290008785 1747.80174541572
0.139475290008785 855.391963619492
0.141356748068405 1059.9168428146
0.141356748068405 944.115170767889
0.141356748068405 655.286967408424
0.141356748068405 891.67463150475
0.141356748068405 744.331408185229
0.141356748068405 1311.99520362827
0.144167434802947 661.185310535157
0.144167434802947 859.632018062232
0.144167434802947 1336.89631925891
0.144167434802947 875.996356224335
0.144167434802947 1787.81301766086
0.146163896411444 1247.17035244406
0.146163896411444 1072.99374666722
0.146163896411444 1817.56339955421
0.146163896411444 1612.2794767883
0.146163896411444 885.560385840441
0.146163896411444 1134.54319740391
0.146163896411444 966.610721147052
0.146163896411444 1212.90988536836
0.146163896411444 1104.50816272803
0.150538631410707 1100.80084830804
0.150538631410707 1456.05685729424
0.150538631410707 1036.90466707882
0.150538631410707 601.428793080074
0.150538631410707 580.354751501266
0.150538631410707 1215.03656384148
0.152976706646889 1595.81251895022
0.153620726520598 1107.97931322525
0.153620726520598 1083.01315357112
0.153620726520598 1332.15070655919
0.154927166835835 2099.7357297545
0.154927166835835 1811.65097541822
0.154927166835835 776.958978489225
0.154927166835835 1660.04455939251
0.154927166835835 1624.6393046204
0.154927166835835 1009.08522305711
0.154927166835835 1436.35953296201
0.154927166835835 1839.95343676098
0.154927166835835 1411.32664165052
0.154927166835835 1424.34778309191
0.154927166835835 1972.54364641287
0.154927166835835 863.342003540098
0.154927166835835 915.115521481993
0.160755546692897 1379.60989230153
0.160755546692897 1083.7669776287
0.160755546692897 1958.75649272293
0.162149389705281 1354.40617115069
0.162149389705281 2375.40309873719
0.162149389705281 1825.07495614074
0.162149389705281 1225.14646750875
0.162149389705281 1404.88901392621
0.162149389705281 752.392410720808
0.165231484815172 1419.45909083501
0.165231484815172 1476.15233473508
0.165231484815172 1385.2041634858
0.165231484815172 1989.10232785871
0.165231484815172 1373.16412381248
0.165231484815172 1382.08212405647
0.167733962038725 986.866363770388
0.167733962038725 1040.50598560577
0.167733962038725 1349.79996667709
0.167733962038725 1300.70772052863
0.167733962038725 1340.38211266031
0.1700294328743 1910.35049178388
0.1700294328743 1307.08387693158
0.1700294328743 1270.43637113756
0.171441676454504 1690.99278726565
0.171441676454504 1381.95533999746
0.171441676454504 649.153290020919
0.171441676454504 914.476654413243
0.173548541469922 1140.72474512617
0.173548541469922 1385.93964621173
0.173548541469922 1361.26933788114
0.173548541469922 1470.26882931129
0.173548541469922 1767.95300142653
0.173548541469922 1147.5412092293
0.173548541469922 1384.52897423283
0.173548541469922 779.40983379927
0.173548541469922 739.115095490116
0.173548541469922 996.530328501868
0.173548541469922 1812.44248215813
0.178516694781388 1673.01133601398
0.178516694781388 930.204318182557
0.178516694781388 1308.90123581131
0.178516694781388 1588.35373504004
0.180425753692738 1100.92497636906
0.180425753692738 1438.77168560555
0.180425753692738 1474.99836129922
0.180425753692738 990.412609932258
0.180425753692738 984.857330252414
0.180425753692738 1300.66975908475
0.180425753692738 1375.53770377454
0.180425753692738 1588.64936748951
0.180425753692738 1538.48406924338
0.180425753692738 1615.00641752463
0.184814289117866 1766.14556960035
0.184814289117866 878.5323072072
0.184814289117866 1476.56507046766
0.186419738660182 772.070557946315
0.186419738660182 814.067176447393
0.186419738660182 859.346686825484
0.186419738660182 1546.83687162886
0.187937785505353 1432.91239803613
0.187937785505353 1166.60361882549
0.187937785505353 1431.350804703
0.187937785505353 612.187228612348
0.187937785505353 1412.59665947604
0.190578266987558 1830.16118792033
0.190578266987558 909.097405555474
0.190578266987558 1427.92628443609
0.190578266987558 1551.41002204975
0.190578266987558 775.563807399672
0.190578266987558 1770.44628026601
0.190578266987558 1848.63085246264
0.190578266987558 1047.15667072537
0.190578266987558 1530.25098813501
0.190578266987558 1310.18601947456
0.190578266987558 508.291453533021
0.190578266987558 249.341947404931
0.190578266987558 1391.38035378141
0.190578266987558 1877.51787652912
0.196705656071699 1742.78727418054
0.196705656071699 1714.90276442646
0.197846491276554 1346.10635455774
0.197846491276554 1820.42922648133
0.197846491276554 1454.767185064
0.197846491276554 1390.7618362463
0.197846491276554 1343.05937306133
0.197846491276554 1638.23866159511
0.197846491276554 1866.19064191834
0.200836583547343 648.174432441861
0.200836583547343 1736.26607634162
0.200836583547343 1267.82404196627
0.200836583547343 2127.78084567164
0.202957248988627 1020.36137957763
0.202957248988627 1956.3686547844
0.202957248988627 928.764796967226
0.202957248988627 2228.05245922305
0.202957248988627 1262.41372562974
0.202957248988627 1859.39283439112
0.205790936432944 1844.13533047261
0.205790936432944 1932.96188436212
0.205790936432944 1802.6384523857
0.205790936432944 1973.80268141572
0.205790936432944 1754.39761024479
0.2077505969058 1839.69847405297
0.2077505969058 1719.57710128001
0.2077505969058 2039.02229802211
0.2077505969058 1792.48702221769
0.2077505969058 1273.91383902859
0.21001386674769 2211.46161532963
0.21001386674769 1868.33740560443
0.21001386674769 1794.13632928439
0.211587115296321 2088.96106787346
0.211587115296321 1450.88219696328
0.212534744539063 2188.74062627096
0.212534744539063 1875.73292906966
0.212534744539063 2186.16209302407
0.212534744539063 1206.69290448657
0.214314999475672 1605.00643078464
0.214314999475672 1233.18708495035
0.215437434112707 1700.08132367511
0.215437434112707 1802.67019004947
0.215437434112707 1021.54619764557
0.216541468181921 1755.9252569447
0.216541468181921 966.769284604075
0.216541468181921 1756.73749066803
0.216541468181921 1951.75447118803
0.216541468181921 1691.49184319091
0.219126747960666 993.989546549004
0.219126747960666 1731.74182289492
0.219126747960666 2071.09265047773
0.219126747960666 1966.19587303116
0.219126747960666 1382.05946688008
0.219126747960666 1428.4263692872
0.221518821777297 1477.09040030857
0.221518821777297 1623.67531880856
0.221518821777297 1468.51405912192
0.221518821777297 1483.16446804435
0.221518821777297 1428.06739400364
0.221518821777297 1714.77171170178
0.221518821777297 1584.6752217834
0.221518821777297 1849.77290691912
0.225171334489616 1425.4043706037
0.225171334489616 1777.1408031955
0.226394972249662 2351.931461785
0.226394972249662 1783.59161724037
0.226394972249662 1583.97801427807
0.227563408306248 2322.45659847651
0.227563408306248 2056.38436090799
0.227563408306248 1768.11024754566
0.229058454441642 1452.85669735297
0.229058454441642 1742.10982559173
0.230199289646497 1901.74442407186
0.230199289646497 1635.34785367238
0.230199289646497 1234.13816391298
0.230199289646497 1888.89629101563
0.230199289646497 1224.93429656528
0.232209551680859 1464.21190451563
0.232209551680859 1824.438967912
0.232209551680859 1268.99735551437
0.232209551680859 1383.67075868547
0.232209551680859 1672.02357169295
0.232209551680859 1754.18895677971
0.235121441538413 1546.93583892716
0.235121441538413 1845.68936216956
0.235121441538413 2139.27299600181
0.235121441538413 1121.04411541781
0.235121441538413 2270.23812397716
0.23715470428255 1460.20254136764
0.23715470428255 1649.03779909074
0.23715470428255 1888.10525135765
0.23715470428255 1936.19558556339
0.23715470428255 1881.39939173913
0.239634180796328 1856.17943646082
0.239634180796328 586.962619794467
0.239634180796328 2091.24626093293
0.239634180796328 1255.84001107833
0.239634180796328 1372.97088569274
0.239634180796328 1360.33634401653
0.2424724683826 1042.9154813703
0.2424724683826 1683.93286408666
0.2424724683826 1296.8887539983
0.2424724683826 1132.68854099291
0.2424724683826 1152.47768355733
0.24468973680494 1510.79856390047
0.24468973680494 1643.07584361845
0.24468973680494 2155.4671912654
0.24468973680494 1135.22440386489
0.24468973680494 1397.89242447328
0.246943806362919 1673.1469148293
0.246943806362919 1637.46133078098
0.246943806362919 1571.50512036038
0.248576856756966 1678.08493550882
0.248576856756966 1121.65199783487
0.248576856756966 1566.02994214772
0.248576856756966 1705.28977971644
0.250269708996429 1373.99123735846
0.250269708996429 2023.11316676529
0.250269708996429 1466.34855097727
0.250269708996429 974.269505448895
0.250269708996429 1596.64281982421
0.250269708996429 1685.34405832014
0.253038994453375 1602.80037462851
0.253038994453375 1382.60960178262
0.253038994453375 2082.8393091251
0.25455244115659 1933.10183684074
0.25455244115659 1874.66133907041
0.25455244115659 1515.75474193315
0.25455244115659 2267.57269174076
0.256364897086884 1602.77457412379
0.256364897086884 1407.22084357214
0.256364897086884 1827.45869527427
0.256364897086884 1261.56778338533
0.256364897086884 2285.65605306471
0.256364897086884 1962.85961239008
0.256364897086884 1556.6397409643
0.259377990067449 1324.68199873556
0.259377990067449 2010.88804174871
0.259377990067449 1296.53405039483
0.259377990067449 1760.25886503237
0.259377990067449 1729.40354075598
0.261563057496103 1684.98887119987
0.261563057496103 1478.05574536051
0.261563057496103 1622.40071834177
0.263255909735566 1618.1727332631
0.263255909735566 1885.2007785668
0.263255909735566 1119.06751935801
0.263255909735566 1951.26906623094
0.263255909735566 1795.76690623205
0.265404176028579 1556.05165776638
0.265404176028579 1519.93967787574
0.265404176028579 1542.3416960187
0.265404176028579 2034.60540954395
0.265404176028579 1387.90698428149
0.265404176028579 1866.92327173194
0.265404176028579 2022.8149327397
0.268624275397122 1973.90149945148
0.269088889734583 2071.85956317953
0.269088889734583 963.581484707335
0.269088889734583 1621.23369541837
0.269088889734583 1265.91367858023
0.269088889734583 1676.79290453672
0.271526964970765 952.394579496007
0.271697170223103 1518.80597347219
0.271697170223103 1419.79192146209
0.271697170223103 1295.55322523996
0.273077212809621 2458.73272765602
0.273077212809621 1573.78024785352
0.273077212809621 2322.22115037347
0.274645861216297 1158.59268725152
0.274645861216297 1671.12534957727
0.275616491168814 1062.99283899032
0.275616491168814 1618.29588868695
0.275616491168814 1872.04763997153
0.275616491168814 2192.19702436944
0.275616491168814 1417.24782194749
0.277944162998075 1573.25961397852
0.277944162998075 1480.79529025876
0.278620383865469 2074.57672334429
0.278620383865469 1897.73164393424
0.278620383865469 1430.03176614418
0.278620383865469 1255.69978696373
0.278620383865469 2104.72634133865
0.278620383865469 1566.78532121378
0.281440270883922 1384.56876218059
0.281440270883922 2001.2108448007
0.281440270883922 1586.77542290268
0.281440270883922 1795.55902589611
0.281440270883922 2400.26865274394
0.281440270883922 2075.24410709854
0.281440270883922 1282.98301869911
0.284853576214577 1327.05771285641
0.284853576214577 1384.72172824862
0.285801205457319 1383.56304907114
0.285801205457319 1807.73022605786
0.285801205457319 2317.82019682288
0.285801205457319 1975.90310251609
0.285801205457319 1242.01588427272
0.285801205457319 2135.63740108923
0.285801205457319 2043.34709259756
0.285801205457319 2070.84459061271
0.289283512917301 2025.90686911873
0.289283512917301 1814.82323137569
0.290323144999144 1584.05113777199
0.290323144999144 2041.76411412405
0.291187971686696 1914.53508296037
0.291187971686696 2246.89707992157
0.291187971686696 1344.98694152975
0.291187971686696 2131.41536286414
0.291187971686696 2112.8753560843
0.293478842380316 2132.52260555453
0.293478842380316 1609.75121135163
0.293478842380316 1898.88515936027
0.293478842380316 1878.6741564828
0.293478842380316 1670.53241138575
0.293478842380316 1724.07173694745
0.293478842380316 2667.11689849479
0.293478842380316 1746.51089373429
0.293478842380316 2202.30375599995
0.297522367158815 2065.26591357653
0.297522367158815 1989.61156529656
0.297522367158815 2482.54414939365
0.299206019114367 2657.77253555272
0.299206019114367 1942.59107658451
0.299206019114367 1902.15708537465
0.300323853609447 1807.91517989897
0.300323853609447 1629.15453113198
0.300323853609447 1943.79877765945
0.300323853609447 1824.52497536589
0.300323853609447 1996.39590334263
0.300323853609447 1883.52654067511
0.302945934523832 1248.42676580133
0.302945934523832 2201.20042577108
0.302945934523832 1554.98268787189
0.302945934523832 2520.87206276189
0.302945934523832 2234.83164603309
0.30548061274107 1848.95016151034
0.30548061274107 1718.08814718918
0.30548061274107 2326.37478453255
0.30548061274107 1956.45983166114
0.30548061274107 1854.09695074196
0.30548061274107 1995.22022360224
0.30548061274107 1778.90908298697
0.30548061274107 1576.42145885036
0.30548061274107 2122.60907031364
0.30548061274107 2347.83993908518
0.30548061274107 1950.04847996791
0.30548061274107 1856.50318763819
0.310922580673907 2324.40433747938
0.311571200689571 2115.94754169014
0.311571200689571 1528.24628173473
0.312532630358179 2156.3545789502
0.312532630358179 1450.1412917183
0.313282453496854 1369.2752068881
0.313650464853259 1315.85881691075
0.313650464853259 1503.38984062488
0.314841901619619 1084.53468670485
0.314841901619619 1651.69486892078
0.314841901619619 1697.56502169276
0.314841901619619 1482.46730854277
0.314841901619619 1172.90481053777
0.314841901619619 1164.4894416868
0.314841901619619 1253.87721786705
0.318062000988162 1693.01497870207
0.318062000988162 1926.07322792723
0.318062000988162 1412.56535268611
0.31901423037286 1669.57749471186
0.31901423037286 1359.67642856957
0.31901423037286 2384.97287758062
0.31901423037286 1512.67950007417
0.31901423037286 1376.57002243072
0.321737514410256 1570.96676501031
0.321737514410256 1840.54260246344
0.321737514410256 1220.40367164865
0.323057755151358 1534.28473218727
0.323057755151358 1563.40535692913
0.323057755151358 2075.05859533511
0.323057755151358 1192.54452163464
0.324934613069023 1412.13764860625
0.325408427690394 1713.94591390258
0.325408427690394 1938.04617354768
0.326323855939451 1537.78475065819
0.326323855939451 1166.44062841503
0.326323855939451 1332.21493019857
0.326323855939451 1418.84533411481
0.326323855939451 1885.26790384088
0.326323855939451 1962.8816499709
0.326323855939451 1322.20195050866
0.329244946080915 1431.27566590581
0.329244946080915 1663.41205600625
0.329244946080915 521.952860959182
0.330882596616917 963.086300808503
0.330882596616917 979.834388989276
0.330882596616917 407.940689866851
0.330882596616917 1322.73929394103
0.332607649850065 1617.00753017162
0.332607649850065 1104.50594490386
0.332607649850065 1762.80049096676
0.333895689597482 1215.9394831646
0.333895689597482 1259.3055653434
0.333895689597482 1932.95766489204
0.333895689597482 1394.85816455444
0.333895689597482 2047.2890945817
0.333895689597482 1340.4808513666
0.333895689597482 1993.60256012587
0.333895689597482 883.40010222105
0.333895689597482 1942.73504011279
0.333895689597482 1545.40251379853
0.333895689597482 1298.61472916985
0.338955845748049 2209.83279732926
0.338955845748049 1468.25984180395
0.338955845748049 1356.20503437855
0.338955845748049 1121.80552855932
0.338955845748049 1285.62106547216
0.341297318003175 1420.31341871882
0.341297318003175 1686.83518249175
0.341297318003175 1579.86454703895
0.341297318003175 1554.65461775108
0.341297318003175 1719.73046192167
0.341297318003175 1304.70931163578
0.341297318003175 1698.48662899353
0.341297318003175 1232.58950443923
0.341297318003175 1757.00601723238
0.341297318003175 2096.4944583195
0.341297318003175 2304.34730421828
0.341297318003175 1987.75626425134
0.346780687213607 1608.38989984379
0.346780687213607 1959.36761594494
0.347861720573047 1531.56679985653
0.347861720573047 2565.93143943229
0.347861720573047 2331.43064044797
0.347861720573047 2240.97204043071
0.347861720573047 1936.47905784893
0.347861720573047 2008.58466520659
0.347861720573047 1123.07107713569
0.351008217670308 1607.9338620148
0.351008217670308 1988.0446720874
0.351008217670308 1219.37077091165
0.351008217670308 2550.93781820603
0.351008217670308 1953.1873982321
0.351008217670308 1325.09411369528
0.351008217670308 1132.73038806144
0.351008217670308 1859.16226644777
0.351008217670308 2082.02252185079
0.351008217670308 1290.84141235035
0.351008217670308 1469.44584413252
0.351008217670308 1873.88733757654
0.351008217670308 1961.23118827448
0.351008217670308 2074.92372649062
0.357420815555663 1666.5504667327
0.357420815555663 1570.50337140122
0.357420815555663 1700.79290473678
0.357420815555663 1797.20069230078
0.357420815555663 1431.14677014122
0.359674885113643 1911.08127582407
0.359674885113643 1954.95590115282
0.359674885113643 1759.14918436293
0.359674885113643 2399.30529861142
0.359674885113643 1664.85977082207
0.359674885113643 1503.89157114789
0.359674885113643 1131.95437736868
0.359674885113643 1725.75631916058
0.363350398535737 2330.88085064403
0.363350398535737 2322.75028920946
0.363350398535737 1509.03559681975
0.363350398535737 1577.74283378119
0.363350398535737 1716.9468175567
0.363350398535737 2057.23245698601
0.363350398535737 1837.72367402925
0.363350398535737 1739.34777357932
0.363350398535737 1791.89376527919
0.363350398535737 1468.08038654376
0.368005742194259 2454.70311759439
0.368005742194259 2024.9998252111
0.369077575269788 1683.31544617898
0.369077575269788 1617.59678734423
0.369077575269788 1812.60107929005
0.369077575269788 2517.48306586524
0.369077575269788 2235.2453991326
0.369077575269788 2295.39364443576
0.369077575269788 1880.07069159853
0.369077575269788 1787.28664906781
0.369077575269788 1854.94198826056
0.369077575269788 1299.89987304438
0.37334190686213 2095.24272344949
0.37334190686213 1869.54418228025
0.37334190686213 1748.9516412045
0.37334190686213 1278.56177869963
0.37334190686213 1984.416413279
0.37334190686213 1672.25028588812
0.37334190686213 2576.14192773711
0.37334190686213 2052.54093355652
0.37334190686213 2215.24148626628
0.377592438028606 1530.01737979915
0.377592438028606 1829.47149780444
0.377592438028606 2209.97417937221
0.377592438028606 1854.53369767532
0.377592438028606 1835.11567808416
0.377592438028606 1812.77757645198
0.377592438028606 1972.27789046227
0.377592438028606 2031.44495434609
0.377592438028606 1698.05669727154
0.381985573595689 2137.61231607499
0.381985573595689 1822.24632356492
0.381985573595689 2326.94832252362
0.381985573595689 1702.9577840437
0.383609423705826 1626.89723139879
0.383609423705826 2118.73553708894
0.383609423705826 2437.92571176832
0.383609423705826 1971.0425467888
0.385619685740187 2071.37293487518
0.385619685740187 2102.95374651742
0.385619685740187 2167.0656598028
0.385619685740187 1961.91680606465
0.387459742522212 1806.92659406111
0.387459742522212 2073.90970168625
0.387459742522212 2310.44803477761
0.38886738596046 2141.6539968577
0.38886738596046 1460.40049735193
0.38886738596046 2032.32375285241
0.38886738596046 1781.28993776848
0.390587839051653 2531.72151959294
0.390587839051653 964.06220397449
0.391673472553048 1901.51590659694
0.391673472553048 2078.99181591351
0.391673472553048 2155.54958104349
0.391673472553048 2494.52858291995
0.391673472553048 2331.87825628733
0.391673472553048 2134.91383507952
0.394392156448489 2166.66928150904
0.394392156448489 2032.0657221657
0.394392156448489 2377.73987048936
0.394392156448489 2494.14188382963
0.396158610959232 1997.00676717226
0.396158610959232 2625.42109090087
0.396158610959232 2355.11960855892
0.397308646447997 1699.9379071916
0.397308646447997 1933.27105020408
0.397308646447997 2783.87653128168
0.397308646447997 1801.28492937686
0.397308646447997 2461.85780440437
0.399594916999662 2506.06705697294
0.399594916999662 2253.77119880877
0.399594916999662 2137.81990644128
0.399594916999662 2394.23250173562
0.399594916999662 2309.799527082
0.399594916999662 2801.93819920177
0.399594916999662 2536.68701786396
0.399594916999662 2219.10778753115
0.399594916999662 2290.73198304062
0.399594916999662 2380.44953672639
0.404273261367959 2484.64483588036
0.404273261367959 2136.72242290556
0.404273261367959 2247.4254186786
0.405625703102747 2685.7866460905
0.405625703102747 2591.83869954461
0.40656413206158 2558.24545875469
0.40656413206158 2496.98439131201
0.40656413206158 2331.53260897319
0.40656413206158 1874.50393498097
0.408312186004503 2625.09008882121
0.408312186004503 2576.03417306577
0.408312186004503 2248.55977641559
0.408312186004503 2710.73162416899
0.408312186004503 2452.28669930481
0.408312186004503 2623.3858454744
0.408312186004503 2709.31664607666
0.408312186004503 2462.40622061552
0.408312186004503 2549.09791668127
0.408312186004503 2249.0409426749
0.408312186004503 2519.14901785028
0.408312186004503 2860.1656404891
0.408312186004503 2041.90748979207
0.408312186004503 2690.15677334922
0.41487198843242 2282.8142616904
0.41487198843242 2259.25380788784
0.41487198843242 2439.31520346701
0.41487198843242 2639.60706307796
0.416587841381657 2308.61410484392
0.416587841381657 2909.38150216895
0.416587841381657 2553.94074899095
0.418349695750446 2330.1491373097
0.418349695750446 2107.57523186132
0.418349695750446 2632.8803158857
0.418349695750446 2362.67336401955
0.418349695750446 2112.69857224321
0.418349695750446 1863.15228781704
0.418349695750446 2433.68054378844
0.418349695750446 2430.82916488023
0.418349695750446 2502.54106287054
0.422384020245034 2297.94052250996
0.422384020245034 2511.07095610469
0.422384020245034 2508.86776342116
0.423787063541328 2120.26474976717
0.423787063541328 2514.96889865294
0.423787063541328 2481.92788018622
0.423787063541328 2211.6978098138
0.423787063541328 2611.15184725438
0.423787063541328 2706.22541135648
0.423787063541328 2462.27421061194
0.423787063541328 2488.83963876256
0.423787063541328 2730.97410622373
0.423787063541328 2418.08430807955
0.423787063541328 2919.80288063739
0.423787063541328 2045.3836610815
0.423787063541328 2767.33038790884
0.429730446947267 1979.94572097965
0.429730446947267 1829.00153217817
0.429730446947267 2476.06721924249
0.431092088965965 1606.91466117787
0.431092088965965 1874.81480939346
0.431092088965965 2132.44090807142
0.432311126584056 2595.43397402348
0.432311126584056 2010.0918446188
0.432311126584056 2263.42569457566
0.432311126584056 2161.55389336623
0.434348989470148 2280.95165729594
0.434348989470148 2397.87661495571
0.435181615164014 2097.70395850632
0.435181615164014 1897.35857629747
0.435181615164014 1940.64941518995
0.436419053349926 2286.60955411567
0.436419053349926 2051.94408682086
0.437656491535837 2192.05033920247
0.437656491535837 2493.30796933022
0.437656491535837 2348.06398183993
0.437656491535837 2580.76982086296
0.437656491535837 2690.52416249192
0.437656491535837 2188.56182759997
0.437656491535837 2118.98047766548
0.437656491535837 1960.11435850148
0.437656491535837 2483.74135507443
0.437656491535837 2363.0046855417
0.437656491535837 2162.88316347038
0.437656491535837 2226.90710175962
0.437656491535837 2296.48658026316
0.443268664721011 2631.43580435697
0.443682677496967 1698.24843863372
0.443682677496967 2542.07878374954
0.443682677496967 1346.59638363353
0.445242125619732 1812.9642123767
0.445242125619732 1517.03795595306
0.445242125619732 2539.19343091076
0.445242125619732 2918.97701696008
0.445242125619732 2024.83370216384
0.447473194467937 2150.0880270477
