# Fix print output for fix def1
6.69923585832293e-16 53.5792373614793
6.69923585832293e-16 297.233483838836
6.69923585832293e-16 281.818624394973
6.69923585832293e-16 213.631513233727
6.69923585832293e-16 245.144482640426
6.69923585832293e-16 332.44857693352
6.69923585832293e-16 234.871593432907
6.69923585832293e-16 489.763705928369
6.69923585832293e-16 577.358270635626
6.69923585832293e-16 966.949343520588
6.69923585832293e-16 849.160159609926
6.69923585832293e-16 499.922840851472
6.69923585832293e-16 359.630080638699
6.69923585832293e-16 588.86008849954
6.69923585832293e-16 727.345793564053
6.69923585832293e-16 290.794878313776
6.69923585832293e-16 699.232531072613
0.018912807523511 743.924933076108
0.018912807523511 431.432656629839
0.018912807523511 1044.2866907664
0.018912807523511 693.2756492222
0.018912807523511 515.020256083173
0.018912807523511 466.445877649814
0.018912807523511 1062.45665325473
0.018912807523511 499.000441465718
0.018912807523511 566.522135922467
0.018912807523511 967.495633827993
0.018912807523511 1148.26522273672
0.018912807523511 1191.74108019575
0.018912807523511 644.235664556229
0.018912807523511 1102.24947350139
0.018912807523511 644.791706237266
0.018912807523511 680.261047781341
0.038348710522472 -2282.10147995667
0.038348710522472 826.698901059642
0.038348710522472 693.16582194122
0.038348710522472 796.397137855468
0.038348710522472 483.538842233718
0.038348710522472 190.409962161613
0.038348710522472 -2315.25773244995
0.038348710522472 788.548928085319
0.038348710522472 1028.71328263777
0.038348710522472 -1760.02775974884
0.038348710522472 309.093147230137
0.038348710522472 935.744258370182
0.038348710522472 424.91911056202
0.038348710522472 887.983662320879
0.038348710522472 961.103248786826
0.038348710522472 1239.1176355135
0.038348710522472 825.526655058951
0.038348710522472 778.706713663639
0.038348710522472 1051.57798294973
0.038348710522472 974.566009260411
0.038348710522472 980.969910699931
0.038348710522472 909.578083421464
0.038348710522472 949.49420211083
0.038348710522472 341.349484776484
0.065340437055718 561.688167713771
0.065340437055718 1122.15481995654
0.065340437055718 878.720033754642
0.065340437055718 799.214118672494
0.065340437055718 448.523831431125
0.065340437055718 520.928444409977
0.065340437055718 1077.36888753924
0.065340437055718 1419.99804308712
0.065340437055718 1220.71943494599
0.065340437055718 775.902119650725
0.065340437055718 982.838601216102
0.065340437055718 1010.83161158802
0.065340437055718 891.886993868377
0.065340437055718 1208.87845758748
0.065340437055718 796.831444185537
0.065340437055718 794.520246694093
0.065340437055718 -365.199601264934
0.065340437055718 516.916261125867
0.065340437055718 -715.10169964997
0.065340437055718 483.103527861542
0.065340437055718 -481.865286228472
0.065340437055718 -1423.62771444281
0.065340437055718 89.1587269635008
0.065340437055718 869.412557801386
0.0932272380691794 1073.3323808468
0.0932272380691794 657.794125498908
0.0932272380691794 1026.12198709365
0.0932272380691794 855.249139323276
0.0932272380691794 845.321976508399
0.0932272380691794 -1089.10444378839
0.0932272380691794 671.47091044129
0.0932272380691794 641.961369959964
0.0932272380691794 1771.37724602793
0.0932272380691794 -195.463981741408
0.0932272380691794 913.098249079656
0.0932272380691794 1636.90938154746
0.0932272380691794 -1205.71114738619
0.0932272380691794 1704.60479481403
0.0932272380691794 -904.674561246707
0.0932272380691794 -1179.17471107235
0.0932272380691794 -242.568104998827
0.0932272380691794 466.82265559575
0.0932272380691794 1610.38842252167
0.0932272380691794 778.699193284939
0.0932272380691794 590.397910231042
0.0932272380691794 -475.343926101362
0.0932272380691794 1242.85549829534
0.0932272380691794 750.80007533829
0.0932272380691794 1363.00885891388
0.122555457726104 1459.19173982591
0.122555457726104 1093.1283784907
0.122555457726104 781.808063285118
0.122555457726104 -2668.95000532775
0.122555457726104 -1409.07525917856
0.122555457726104 1071.3061193216
0.122555457726104 956.931274325096
0.122555457726104 409.246635821904
0.122555457726104 1040.33075879402
0.122555457726104 580.92125382875
0.122555457726104 1691.65528797499
0.122555457726104 -326.473154861244
0.122555457726104 -72.8662317430235
0.122555457726104 -1105.60002165088
0.122555457726104 1231.66001327889
0.122555457726104 796.32631495235
0.122555457726104 -210.557186797697
0.122555457726104 345.189458121059
0.122555457726104 509.035906134945
0.122555457726104 -1737.9814394193
0.122555457726104 56.2897497035867
0.122555457726104 1437.10320124854
0.122555457726104 -3309.45996914252
0.149523935571552 1451.75633642753
0.149523935571552 1395.82164074106
0.149523935571552 -544.907982179372
0.149523935571552 -1486.88149269845
0.149523935571552 1186.8647420263
0.149523935571552 1200.68356445571
0.149523935571552 1315.43284187156
0.149523935571552 1453.50710237378
0.149523935571552 746.561694399799
0.149523935571552 -1283.39827110257
0.149523935571552 1600.77280836552
0.149523935571552 -35.54795935227
0.149523935571552 789.005864047584
0.149523935571552 1003.76198060022
0.149523935571552 1392.04815271526
0.167355679112465 1283.81648637695
0.167355679112465 855.997713499684
0.167355679112465 -2016.82191103563
0.167355679112465 1379.25640795808
0.167355679112465 764.694451782467
0.167355679112465 725.334894072967
0.167355679112465 1370.96761492125
0.167355679112465 843.153881471408
0.167355679112465 -503.738677985012
0.167355679112465 1413.84228995324
0.167355679112465 1613.38516503888
0.167355679112465 2113.5752392486
0.167355679112465 1382.3554663005
0.167355679112465 1123.9081475861
0.167355679112465 1464.64725025491
0.167355679112465 1112.36288154427
0.18558265034594 106.451447123698
0.18558265034594 1482.60457166011
0.18558265034594 1764.88189729131
0.18558265034594 1358.01836885026
0.18558265034594 900.676020672075
0.18558265034594 1400.02476821593
0.18558265034594 1395.9253502665
0.18558265034594 1626.75412478154
0.18558265034594 1662.22760231503
0.18558265034594 652.220775451361
0.18558265034594 1850.99431184289
0.197974200942168 2354.80216555423
0.197974200942168 1775.90267978013
0.197974200942168 2073.55464035036
0.197974200942168 2202.67199206543
0.197974200942168 1936.77539913134
0.197974200942168 2083.06848992087
0.197974200942168 2430.84151338756
0.197974200942168 2136.00708741737
0.197974200942168 2733.4103312036
0.197974200942168 2663.24156851065
0.209598544841068 3048.08450101693
0.209598544841068 3167.4462224964
0.209598544841068 3000.61892787657
0.209598544841068 3185.52537426841
0.209598544841068 3092.06957353782
0.209598544841068 3425.05385195216
0.209598544841068 3932.12531342537
0.209598544841068 3644.54615065131
0.209598544841068 3244.25910279287
0.209598544841068 3459.79494458896
0.209598544841068 3671.03386863038
0.209598544841068 4016.03701238094
0.209598544841068 3444.76063048121
0.209598544841068 3770.17494766026
0.209598544841068 3014.65953073631
0.209598544841068 4239.3780734415
0.209598544841068 4574.46068868017
0.209598544841068 4199.2999124733
0.209598544841068 3757.39620556438
0.209598544841068 4703.86605645357
0.209598544841068 4512.66214616014
0.209598544841068 4259.95278255227
0.209598544841068 4255.29941891606
0.209598544841068 4883.92559710093
0.209598544841068 4443.66022155965
0.209598544841068 4496.4369605484
0.209598544841068 4664.52317736473
0.241553866219144 6599.80665192426
0.241553866219144 6253.4661367807
0.241553866219144 6075.50404660153
0.241553866219144 6754.59274706091
0.241553866219144 7406.03155997419
0.241553866219144 6932.37498030581
0.241553866219144 6587.87430313936
0.241553866219144 5957.23760258259
0.241553866219144 7363.94411588199
0.241553866219144 7088.71624751229
0.241553866219144 5756.76020267076
0.241553866219144 8061.67318612353
0.241553866219144 7415.8157712991
0.241553866219144 8087.17130664104
0.241553866219144 8213.74501071351
0.241553866219144 7503.80039613743
0.241553866219144 7890.10477828288
0.241553866219144 8505.04353849119
0.241553866219144 8496.08380369417
0.241553866219144 8411.53815715989
0.241553866219144 8699.37604287039
0.241553866219144 8997.71477012742
0.241553866219144 8706.74076180318
0.241553866219144 8716.75391180653
0.241553866219144 9077.53610832763
0.241553866219144 8524.20647414722
0.241553866219144 8277.2177194124
0.241553866219144 9180.02924841639
0.241553866219144 8518.89353979433
0.241553866219144 8815.70598235457
0.241553866219144 9768.94469718304
0.241553866219144 9021.89160416484
0.241553866219144 9555.7964851609
0.241553866219144 9395.75941686578
0.241553866219144 10115.9317935012
0.241553866219144 9665.26948133199
0.241553866219144 10106.6840512987
0.284447695206085 9456.77430233103
0.284447695206085 9597.14038570069
0.284447695206085 9648.97089568165
0.284447695206085 9846.69758231341
0.284447695206085 10068.3836755154
0.284447695206085 10541.0770412405
0.284447695206085 10496.9518699376
0.284447695206085 10164.7425098233
0.284447695206085 10638.2904986842
0.284447695206085 10447.9540145018
0.284447695206085 10952.489605533
0.284447695206085 10431.4448802845
0.284447695206085 10717.5872352977
0.284447695206085 10740.0062315491
0.284447695206085 10561.8221336373
0.284447695206085 9950.12128510898
0.284447695206085 9698.95251341759
0.284447695206085 9831.86081093103
0.304639180558475 11025.9627834291
0.304639180558475 11024.47085878
0.304639180558475 10878.582925467
0.308207854135437 10750.1118862677
0.308207854135437 10977.706472469
0.308207854135437 11133.2940293035
0.311962517214782 10710.8802843794
0.311962517214782 10869.7541373047
0.311962517214782 10601.5539181758
0.311962517214782 10909.5104096556
0.311962517214782 11238.2896764052
0.317809562195929 12329.6404405906
0.317809562195929 12558.497063909
0.317809562195929 12513.2662873444
0.317809562195929 12511.1830017017
0.317809562195929 11446.9379201926
0.317809562195929 12067.8425088924
0.317809562195929 12231.4951000709
0.317809562195929 12908.7315805616
0.317809562195929 12675.5550627409
0.317809562195929 12772.3124579238
0.317809562195929 12826.3818027951
0.330828827362697 12489.8989845124
0.330828827362697 12781.3505494493
0.330828827362697 12422.8341248626
0.330828827362697 12810.8208412237
0.330828827362697 12943.1649200354
0.330828827362697 13055.4881202193
0.330828827362697 13267.9711523015
0.330828827362697 12951.7570994963
0.330828827362697 12911.7294676631
0.330828827362697 12889.7954065653
0.330828827362697 13179.8946532639
0.330828827362697 13456.1685473842
0.330828827362697 13393.9179818874
0.330828827362697 13380.2254627495
0.330828827362697 13634.5864257271
0.330828827362697 13928.123198073
0.330828827362697 13924.4558205064
0.330828827362697 13767.9476118128
0.330828827362697 14027.7162547522
0.330828827362697 14263.1650331603
0.330828827362697 14142.5841550396
0.330828827362697 14189.0456065153
0.330828827362697 13759.9099048127
0.330828827362697 14155.4123246146
0.35879699878345 15172.0820691109
0.35879699878345 15085.2789644156
0.35879699878345 15285.8818906409
0.35879699878345 15865.7528891091
0.35879699878345 15402.3869241785
0.35879699878345 15636.5866193602
0.35879699878345 15976.7050374149
0.35879699878345 15697.8957950094
0.35879699878345 16133.7931431844
0.35879699878345 15779.4278614328
0.35879699878345 15461.7647141289
0.35879699878345 16291.0343567313
0.35879699878345 16637.0823957063
0.35879699878345 16679.774566463
0.35879699878345 16089.3767987389
0.35879699878345 16937.2045357538
0.35879699878345 16907.2250544199
0.378918738072446 15493.5379504635
0.378918738072446 16082.1106651658
0.378918738072446 15856.6530484456
0.378918738072446 16215.5824384222
0.378918738072446 16224.2435241323
0.378918738072446 16578.3611778662
0.378918738072446 15807.4914379155
0.378918738072446 15912.4358853137
0.378918738072446 16098.7540503959
0.378918738072446 16128.3716116625
0.378918738072446 16301.4136986655
0.378918738072446 16302.5767105737
0.378918738072446 16666.8475849705
0.378918738072446 16660.0283089512
0.394995205684625 15073.9531152617
0.394995205684625 15386.8135096522
0.394995205684625 15481.3386825864
0.394995205684625 15273.8077844852
0.394995205684625 15270.2318219683
0.394995205684625 15496.9549279484
0.394995205684625 15624.7481572401
0.394995205684625 16079.7078629013
0.394995205684625 15899.5063861157
0.394995205684625 15718.9723238412
0.394995205684625 16059.6555816293
0.394995205684625 15762.4756777311
0.394995205684625 15727.7129551655
0.394995205684625 15705.0851190359
0.394995205684625 15938.5897693963
0.394995205684625 16142.9631344143
0.394995205684625 16476.1500722555
0.394995205684625 16536.9181113669
0.394995205684625 16430.3538676966
0.394995205684625 16515.6157600484
0.41766267628748 19253.6374399204
0.41766267628748 19060.0566556819
0.41766267628748 19222.1209648352
0.41766267628748 19379.7687618657
0.41766267628748 19476.6171531855
0.41766267628748 19755.0215137221
0.41766267628748 20071.7188248593
0.41766267628748 20058.4138766378
0.41766267628748 20090.1478644929
0.41766267628748 19993.9209868256
0.41766267628748 19665.6901146281
0.41766267628748 19868.7510342258
0.41766267628748 20150.8659495401
0.41766267628748 20194.6213697103
0.41766267628748 20206.9816342648
0.41766267628748 20302.9265580239
0.41766267628748 20708.6764160851
0.437761166888679 23547.3021516281
0.437761166888679 24084.0589110141
0.437761166888679 23952.8036944674
0.437761166888679 24284.6854923635
0.437761166888679 24426.8517177911
0.437761166888679 24805.2882479203
0.437761166888679 24318.0068606749
0.437761166888679 24383.6954345907
0.437761166888679 24437.5399865947
0.437761166888679 24623.0855228699
0.437761166888679 24927.4399480377
0.437761166888679 24753.0957758807
0.437761166888679 24732.7407757841
0.437761166888679 24825.7684119922
0.437761166888679 25107.6534512539
0.437761166888679 24949.9143242652
0.437761166888679 25068.3749335871
0.437761166888679 25010.5920792348
0.437761166888679 25230.93699539
0.437761166888679 25615.4599826004
0.437761166888679 25996.965184145
0.437761166888679 25518.0949784219
0.437761166888679 25764.4027979778
0.437761166888679 25903.2622648948
0.437761166888679 26052.5034422356
0.437761166888679 26329.7692751345
0.437761166888679 26610.1211332776
0.468565678220764 25107.2807560128
0.468565678220764 25171.2483446399
0.468565678220764 24653.9102952369
0.468565678220764 25151.9483772466
0.468565678220764 25239.9009524115
0.468565678220764 25277.8869207739
0.468565678220764 25425.0190234567
0.468565678220764 25537.01574975
0.468565678220764 25803.6842691316
0.468565678220764 25640.885194705
0.468565678220764 26046.9730567991
0.468565678220764 26121.4618892668
0.468565678220764 25831.7220278235
0.468565678220764 25786.1899670753
0.468565678220764 25653.7910374923
0.468565678220764 25980.2550524578
0.468565678220764 26074.606882915
0.468565678220764 25967.4482263863
0.468565678220764 26382.1747044177
0.468565678220764 26325.6798023008
0.468565678220764 26242.3256046849
0.468565678220764 26553.2618053258
0.468565678220764 26603.6596418991
0.468565678220764 26133.7123910921
0.468565678220764 26566.6169944753
0.468565678220764 27191.0521465378
0.468565678220764 27236.3893830959
0.468565678220764 27115.8555049072
0.468565678220764 27084.3363389744
0.468565678220764 26866.939426994
0.468565678220764 27269.6530958598
0.50464764168295 28316.6885073381
0.50464764168295 28342.6857346845
0.50464764168295 28416.2126529335
0.50464764168295 28415.4296800597
0.50464764168295 28224.695826581
0.50464764168295 28185.5768811966
0.50464764168295 28614.5685424156
0.50464764168295 28615.4560722454
0.50464764168295 28938.3649707632
0.50464764168295 29161.6154117968
0.50464764168295 28573.9293593236
0.50464764168295 29160.1418717589
0.50464764168295 29159.0582165256
0.50464764168295 29395.8851449353
0.50464764168295 29036.9001748737
0.50464764168295 29598.3659887966
0.50464764168295 29539.7861162014
0.50464764168295 29536.5116258414
0.50464764168295 29461.6637921997
0.50464764168295 29504.3567050975
0.50464764168295 29936.1295793558
0.50464764168295 29787.4131701726
0.50464764168295 29705.147712387
0.50464764168295 29971.7408844747
0.50464764168295 30014.4745395538
0.50464764168295 30424.8148947182
0.50464764168295 30407.082822573
0.50464764168295 30644.2866899298
0.50464764168295 30701.5305724666
0.50464764168295 30491.1520183815
0.54025300704528 27850.6954702487
0.54025300704528 27545.3286941074
0.54025300704528 27107.0277021925
0.54025300704528 26148.0693112738
0.54025300704528 24510.0333183495
0.545472337455887 22347.9704138309
0.545472337455887 22673.6462120894
0.545472337455887 22964.5635148096
0.545472337455887 22911.647805384
0.545472337455887 23306.6331596247
0.545472337455887 23052.0957284706
0.545472337455887 23404.4156955239
0.545472337455887 23180.1438351635
0.545472337455887 23125.3420443501
0.545472337455887 24063.7317395042
0.545472337455887 24453.9564329679
0.545472337455887 23742.752153406
0.545472337455887 24276.845530716
0.545472337455887 24312.8325711379
0.545472337455887 24296.757768625
0.545472337455887 23673.8322862573
0.545472337455887 24154.7831495557
0.545472337455887 25154.798271918
0.545472337455887 23927.9670782093
0.545472337455887 24315.750190617
0.545472337455887 24671.3842918012
0.545472337455887 24783.7796203983
0.545472337455887 24349.248279701
0.545472337455887 23782.3019124058
0.545472337455887 24932.9957967345
0.545472337455887 24242.844006694
0.545472337455887 24937.5219317209
0.545472337455887 25369.6773378263
0.545472337455887 26627.4624406688
0.545472337455887 25191.2699527521
0.545472337455887 24823.6706554418
0.545472337455887 24669.1243349935
0.545472337455887 24874.2899526619
0.545472337455887 26241.5625883289
0.545472337455887 25239.1061055738
0.545472337455887 25607.9739931961
0.545472337455887 25471.7642593384
0.545472337455887 25459.3056886622
0.545472337455887 25333.5585317055
0.591283876761457 28825.9477747002
0.591283876761457 28484.8174244511
0.591283876761457 28290.0016428995
0.591283876761457 28880.7723464684
0.591283876761457 28144.6672157877
0.591283876761457 28290.1857395043
0.591283876761457 27172.7373786891
0.591283876761457 23364.8781903093
0.591283876761457 23577.1194679831
0.591283876761457 24968.7121246407
0.591283876761457 25224.9103323569
0.591283876761457 25916.0860354393
0.591283876761457 25758.9120128102
0.591283876761457 26143.5123615781
0.591283876761457 26138.2951869896
0.591283876761457 26155.1189914853
0.591283876761457 25188.6118539158
0.591283876761457 26439.9514457269
0.591283876761457 26049.939074006
0.591283876761457 26645.1759425868
0.591283876761457 26856.7814322823
0.591283876761457 26805.9259367804
0.591283876761457 27541.8030789666
0.591283876761457 28594.5133966047
0.591283876761457 28117.3109079367
0.591283876761457 27577.3116112431
0.591283876761457 27735.4129957507
0.591283876761457 28466.6556311759
0.591283876761457 29172.6172581702
0.591283876761457 27848.24638826
0.591283876761457 27914.6146539754
0.626575384838525 26300.9410983793
0.626575384838525 25691.2062854187
0.626575384838525 25673.5726564383
0.626575384838525 26311.2840794618
0.626575384838525 25576.1003740764
0.626575384838525 26452.3091651431
0.626575384838525 26680.7462887437
0.626575384838525 26704.2607100386
0.626575384838525 26327.1964038794
0.626575384838525 25982.4699609631
0.626575384838525 26561.262077755
0.626575384838525 26255.2598378507
0.626575384838525 26799.0406042095
0.626575384838525 26177.5336317051
0.626575384838525 27051.7386171803
0.626575384838525 27865.9330176652
0.626575384838525 27185.612573973
0.626575384838525 27404.2335710369
0.626575384838525 26795.6928482844
0.626575384838525 26937.1562754245
0.626575384838525 26698.0465858507
0.626575384838525 27715.0439667144
0.626575384838525 27302.392448899
0.653369497525496 24509.710647605
0.653369497525496 26150.9913503908
0.653369497525496 26001.4285449716
0.653369497525496 25353.5214932869
0.653369497525496 26008.4033988528
0.653369497525496 25654.7293713209
0.653369497525496 25741.7946461406
0.653369497525496 28029.8140451282
0.653369497525496 25765.6050466499
0.653369497525496 25698.1942855117
0.653369497525496 25526.8780147263
0.653369497525496 24059.4545058543
0.653369497525496 20648.7349903912
0.653369497525496 21874.941292387
0.653369497525496 23249.3630928937
0.653369497525496 23059.7721476259
0.653369497525496 23657.77715432
0.653369497525496 23403.3481026292
0.653369497525496 23898.1125074315
0.653369497525496 24958.6650089714
0.653369497525496 25278.6524443249
0.653369497525496 24038.3348157758
0.653369497525496 24628.3118147234
0.653369497525496 25249.2158304399
0.653369497525496 24476.4951206982
0.653369497525496 24096.7124302139
0.653369497525496 24467.6506058137
0.653369497525496 25485.1138155906
0.653369497525496 24434.2078985224
0.653369497525496 24209.2468619133
0.653369497525496 25417.5338330131
0.690114048589927 24659.5355891363
0.690114048589927 23998.3014132667
0.690114048589927 23975.9321123929
0.690114048589927 23911.7543013312
0.690114048589927 24033.2850851378
0.690114048589927 25768.1577709272
0.690114048589927 25940.2301778427
0.690114048589927 25656.6102696815
0.690114048589927 25412.616575957
0.690114048589927 25241.7701902162
0.690114048589927 25822.5682646443
0.690114048589927 25262.1147564238
0.690114048589927 24791.8569039673
0.690114048589927 25452.6957366207
0.690114048589927 26136.7046347923
0.690114048589927 25348.3308635027
0.690114048589927 26048.2164151404
0.690114048589927 25329.7796153093
0.690114048589927 25951.7213830403
0.690114048589927 26769.0020027499
0.690114048589927 26139.277245301
0.713932329238779 28433.6151290937
0.713932329238779 28583.0614312785
0.713932329238779 30610.9160024089
0.713932329238779 29662.7268172569
0.713932329238779 28635.8046752861
0.713932329238779 29639.2729736143
0.713932329238779 29768.2606037782
0.713932329238779 28956.7581844393
0.713932329238779 28181.502887097
0.713932329238779 27284.3695431932
0.713932329238779 27065.6576375283
0.713932329238779 24066.4338290207
0.713932329238779 25142.7706395862
0.713932329238779 24119.421215346
0.713932329238779 24697.4192648083
0.713932329238779 25132.8810086544
0.713932329238779 25445.4511257052
0.713932329238779 26152.7591319227
0.713932329238779 26952.3254056248
0.713932329238779 28023.2955152868
0.713932329238779 28040.6483326759
0.713932329238779 26914.751589192
0.713932329238779 27642.692932761
0.713932329238779 27698.9117137642
0.713932329238779 26966.7062842023
0.713932329238779 26988.0539857253
0.713932329238779 28732.8768897071
0.713932329238779 28173.8143085751
0.713932329238779 29257.205668313
0.748282265460036 27209.8790437685
0.748282265460036 27721.2540577817
0.748282265460036 26287.6318076431
0.748282265460036 26364.6210537422
0.748282265460036 28997.4352468362
0.748282265460036 26989.2196061337
0.748282265460036 28201.7352018015
0.748282265460036 28299.8842493566
0.748282265460036 27682.6691436681
0.748282265460036 26468.9836882729
0.748282265460036 27293.9551509726
0.748282265460036 27118.6943972434
0.748282265460036 28759.3462853977
0.748282265460036 28553.8102818399
0.748282265460036 27251.1506341347
0.748282265460036 27128.8997819235
0.748282265460036 28056.2149268232
0.748282265460036 27403.7654823724
0.748282265460036 27148.4718394052
0.748282265460036 28409.3647621678
0.748282265460036 29065.5309940186
0.748282265460036 29471.4421479936
0.748282265460036 26651.4926126276
0.748282265460036 26601.3305762834
0.748282265460036 29245.609496427
0.748282265460036 27559.5292685493
0.748282265460036 27667.0001499741
0.748282265460036 27859.2067262471
0.748282265460036 27715.2055608931
0.748282265460036 29669.9578351879
0.748282265460036 30035.7540536729
0.748282265460036 29824.4037576316
0.748282265460036 28662.2793764436
0.748282265460036 31123.0222536798
0.748282265460036 28909.1634705602
0.788223511096666 26765.7476326753
0.788223511096666 27095.566788537
0.788223511096666 26910.9328279113
0.788223511096666 27080.2089795732
0.788223511096666 28621.8849928972
0.788223511096666 28568.7464118901
0.788223511096666 29535.9635493673
0.788223511096666 28967.2333019262
0.788223511096666 28674.7847006464
0.788223511096666 27530.6115991103
0.788223511096666 26786.7752230874
0.788223511096666 23415.8635398194
0.788223511096666 26392.6097222701
0.788223511096666 24286.5161726329
0.788223511096666 24807.1366593212
0.788223511096666 25226.2352376963
0.788223511096666 24205.725368509
0.788223511096666 24249.6343180628
0.788223511096666 25398.1920292351
0.788223511096666 24839.1764144283
0.788223511096666 25643.7626768191
0.788223511096666 25111.7900892733
0.788223511096666 25803.578075988
0.788223511096666 26494.7401907601
0.788223511096666 27008.8162048272
0.818144572292442 27241.8252346852
0.818144572292442 28155.9016263506
0.818144572292442 29311.3188713454
0.818144572292442 28473.8698186415
0.818144572292442 27154.2822014256
0.818144572292442 27494.2716358849
0.818144572292442 28554.7258057525
0.818144572292442 28445.2651554122
0.818144572292442 28923.5128365185
0.818144572292442 29149.4987677112
0.818144572292442 29579.3137453698
0.818144572292442 29351.4688665228
0.818144572292442 30840.9394172263
0.818144572292442 29573.7412066815
0.818144572292442 29434.6792656032
0.818144572292442 27464.6074814121
0.818144572292442 30584.9413054435
0.818144572292442 29124.9349405067
0.818144572292442 30742.9500767383
0.818144572292442 30716.971598777
0.818144572292442 30184.6877755125
0.818144572292442 29606.4101429383
0.818144572292442 30196.8267353936
0.818144572292442 28902.8894105907
0.818144572292442 30817.8491672637
0.818144572292442 31110.4109629803
0.818144572292442 29223.949828088
0.818144572292442 30499.276000777
0.818144572292442 31245.937482998
0.818144572292442 30194.2368868968
0.818144572292442 30106.952295326
0.818144572292442 30096.2635081758
0.818144572292442 32070.2112565907
0.856423536751528 33576.3906350107
0.856423536751528 31760.1575113033
0.856423536751528 33391.5521949356
0.856423536751528 35295.8896097652
0.856423536751528 30514.2354651523
0.856423536751528 26559.4769788379
0.856423536751528 26957.9854104987
0.856423536751528 29060.0749912471
0.856423536751528 27245.1974595189
0.856423536751528 30017.9416509998
0.856423536751528 28915.3726945864
0.856423536751528 29755.2146559669
0.856423536751528 29706.7615668205
0.856423536751528 29575.87013077
0.856423536751528 28478.5515473241
0.856423536751528 29825.7712536369
0.856423536751528 30640.0571953411
0.856423536751528 30751.8425881929
0.876696392511215 24052.6052061751
0.876696392511215 24304.2670405211
0.876696392511215 23566.1006116736
0.876696392511215 23688.8106174136
0.876696392511215 25113.6351135428
0.876696392511215 25638.6398010063
0.876696392511215 26271.3932483314
0.876696392511215 26530.1618185936
0.876696392511215 24327.3841658041
0.876696392511215 24915.4356232532
0.876696392511215 24273.9580474776
0.876696392511215 24744.107895033
0.876696392511215 23635.9502811471
0.876696392511215 25553.460916442
0.876696392511215 25517.0703178327
0.876696392511215 24287.8835869479
0.876696392511215 25756.6947216859
0.876696392511215 26050.4426807595
0.876696392511215 25788.2704194361
0.876696392511215 27555.4196045464
0.876696392511215 27154.0765486785
0.876696392511215 25818.4579897628
0.876696392511215 27340.1215452948
0.876696392511215 25527.6348999281
0.876696392511215 25223.051178181
0.905757252258471 30011.0201745103
0.905757252258471 30927.0964818211
0.905757252258471 29632.1729801413
0.905757252258471 30616.793054008
0.905757252258471 29673.816281712
0.905757252258471 29736.2518352295
0.905757252258471 30465.5129618466
0.905757252258471 30510.9436616779
0.905757252258471 30986.8850365385
0.905757252258471 28639.2377942047
0.905757252258471 28698.4909632905
0.905757252258471 29542.2042760967
0.905757252258471 30339.281545182
0.905757252258471 30163.686047025
0.905757252258471 29183.9122420439
0.905757252258471 25422.8429671566
0.905757252258471 25362.2692455359
0.905757252258471 26054.9228649217
0.905757252258471 25613.0991884354
0.905757252258471 26335.8548314978
0.905757252258471 26600.673386493
0.905757252258471 27375.4974477634
0.905757252258471 27435.0403454268
0.905757252258471 28166.1392002463
0.905757252258471 26857.0997453528
0.905757252258471 28193.5065810415
0.905757252258471 28673.3249311432
0.937189478161104 24511.7239487164
0.937189478161104 23117.7763821935
0.937189478161104 23787.1325786767
0.937189478161104 24230.7898747996
0.937189478161104 23773.4624356193
0.937189478161104 24865.0977716404
0.937189478161104 26384.803571583
0.937189478161104 25755.2582568783
0.937189478161104 25183.2414307712
0.937189478161104 25259.4763467098
0.937189478161104 25371.2902219736
0.937189478161104 24995.2496980718
0.937189478161104 24199.5569870713
0.937189478161104 26246.4378360324
0.937189478161104 26586.9549533033
0.937189478161104 26927.4772524018
0.937189478161104 26502.1738717938
0.937189478161104 27543.3246205167
0.937189478161104 25619.8173629493
0.937189478161104 25574.7977767821
0.937189478161104 26163.8388701528
0.937189478161104 24836.7291252594
0.937189478161104 26063.3942383819
0.937189478161104 27240.2956021412
0.937189478161104 27871.3496252487
0.937189478161104 26327.2809206359
0.937189478161104 26018.1245167007
0.937189478161104 27381.5878319194
0.937189478161104 26845.8775024273
0.937189478161104 27075.5613093002
0.937189478161104 28084.4718518197
0.974120018727918 27012.811989278
0.974120018727918 26536.6971173734
0.974120018727918 27276.3152162092
0.974120018727918 28473.6653981613
0.974120018727918 25377.7283380452
0.974120018727918 25608.9780109633
0.974120018727918 28311.8645433552
0.974120018727918 26797.9001691255
0.974120018727918 25423.0089558589
0.974120018727918 28418.613322411
0.974120018727918 25896.2783064663
0.974120018727918 22255.7289079853
0.974120018727918 18814.8131693946
0.988464459099164 21166.1749151084
0.988464459099164 20721.6477352544
0.988464459099164 20163.0562379106
0.988464459099164 20472.8339953887
0.988464459099164 20939.5943097255
0.988464459099164 23794.7814050744
0.988464459099164 23125.0009403303
0.988464459099164 23930.609301706
0.988464459099164 23793.4851878853
0.988464459099164 23036.4036989576
0.988464459099164 24436.4430743081
0.988464459099164 25163.5167976215
0.988464459099164 25303.5806350242
0.988464459099164 25946.5431728131
0.988464459099164 26943.901963155
1.0060404670743 30365.0902994255
1.0060404670743 26974.1604367067
1.0060404670743 29017.3011888062
1.0060404670743 29819.7379518309
1.0060404670743 30508.45207702
1.0060404670743 28938.7153984763
1.0060404670743 29214.0264937455
1.0060404670743 29707.1205244409
1.0060404670743 30300.5555323277
1.0060404670743 29151.2593267766
1.0060404670743 28697.3168168272
1.0060404670743 29081.7253878386
1.0060404670743 29844.2614151434
1.0060404670743 31523.3464774021
1.02227967550107 29633.39344596
1.02227967550107 25329.6234602161
1.02227967550107 26929.946668311
1.02227967550107 27706.2418303431
1.02227967550107 27958.1508473509
1.02227967550107 27271.2268656166
1.02227967550107 27349.4022115561
1.02227967550107 27981.8551584227
1.02227967550107 28265.5306344084
1.02227967550107 28961.3143644392
1.02227967550107 28676.3615017331
1.02227967550107 28637.0860771394
1.02227967550107 29002.9803683389
1.02227967550107 29633.2275537179
1.02227967550107 28901.3498561277
1.04026253551267 23892.725811242
1.04026253551267 25272.4455393354
1.04026253551267 26665.9399325459
1.04026253551267 23353.0804559548
1.04026253551267 21779.070634638
1.04026253551267 21758.9978280542
1.04026253551267 21222.9017460204
1.04026253551267 19328.1509352766
1.04026253551267 20131.7708652337
1.04026253551267 18740.7072031201
1.04026253551267 20744.4424572711
1.05261921307721 21801.8745934774
1.05261921307721 21977.7360553124
1.05261921307721 22641.9060495911
1.05261921307721 22321.70236096
1.05261921307721 21825.5620668155
1.05261921307721 21559.8124867563
1.05261921307721 20743.8721046973
1.05261921307721 21949.6683495909
1.05261921307721 22592.1748797396
1.05261921307721 21897.4931396811
1.05261921307721 23550.4521863625
1.05261921307721 23650.013077046
1.05261921307721 24987.787884064
1.05261921307721 23965.2010035755
1.05261921307721 24110.8281496805
1.05261921307721 23517.1363623972
1.05261921307721 24438.2374286802
1.05261921307721 25773.3354295978
1.05261921307721 24552.5630504924
1.05261921307721 24986.8757732404
1.05261921307721 24076.4043789704
1.05261921307721 23594.9572149062
1.05261921307721 25761.168096315
1.05261921307721 25476.4022065877
1.05261921307721 26017.0776852676
1.05261921307721 25567.3542443243
1.05261921307721 24933.3531512472
1.05261921307721 25575.6351876003
1.05261921307721 25791.3076019035
1.05261921307721 25163.8904446358
1.05261921307721 24706.4925460048
1.05261921307721 24540.2727169433
1.05261921307721 26522.5450794414
1.05261921307721 26654.9973910097
1.05261921307721 26987.9842013677
1.05261921307721 27121.1081196684
1.05261921307721 27327.6687478505
1.05261921307721 26943.2743206895
1.05261921307721 24938.7972752553
1.09737293708798 29706.29822806
1.09737293708798 29534.3484570054
1.09737293708798 29623.588591205
1.09737293708798 26129.0313748783
1.09737293708798 26480.1370689947
1.09737293708798 24080.5603731945
1.10527749093924 23815.9842327428
1.10527749093924 22245.6475096221
1.10527749093924 22592.0980627404
1.10527749093924 21788.6200600139
1.10527749093924 23572.8662833935
1.10527749093924 22789.2712545679
1.10527749093924 23710.0280192115
1.10527749093924 24751.7164583909
1.10527749093924 23995.4625044159
1.10527749093924 24173.4123487368
1.10527749093924 24975.060116227
1.10527749093924 25410.9641352336
1.10527749093924 25046.8127696564
1.10527749093924 25414.4079699301
1.12147020199041 25116.8890574444
1.12147020199041 24711.4420506222
1.12147020199041 25507.5441600645
1.12147020199041 24837.3551186146
1.12147020199041 23996.2479850139
1.12147020199041 25222.8902106704
1.12147020199041 25731.6548780993
1.12147020199041 25164.0364300245
1.12147020199041 26438.9993057453
1.12147020199041 25812.033264787
1.12147020199041 26264.1952904741
1.12147020199041 26066.9957364507
1.12147020199041 25876.0592357097
1.12147020199041 27113.3493739506
1.12147020199041 27154.3015452159
1.12147020199041 26522.853616419
1.12147020199041 28174.3605041814
1.12147020199041 27938.7164213723
1.12147020199041 30052.261220095
1.12147020199041 29493.6372286713
1.12147020199041 30629.4642053983
1.14575345639522 30265.9120158315
1.14575345639522 29662.4374089967
1.14575345639522 29307.165488266
1.14575345639522 30030.4964791215
1.14575345639522 31959.4606034235
1.14575345639522 30929.3243299679
1.14575345639522 32178.2350170361
1.14575345639522 31673.0926158252
1.14575345639522 30285.217982949
1.14575345639522 31040.9604076858
1.14575345639522 32981.0261959308
1.14575345639522 32141.3837675939
1.14575345639522 31732.2688552953
1.14575345639522 30451.0041048549
1.14575345639522 33413.7620491307
